station lat long elevation
US10chey021 41.1554 62.4556 1282.9
US10chey028 41.0317 62.5123 1296.9
US10clay009 40.6115 67.1627 570.9
US10cumi003 41.8664 68.6405 431
US10cumi012 42.0149 68.8644 0
US10keit008 41.1234 63.6888 990
US10polk001 41.113 67.8572 506
US10red_015 40.3302 65.1535 773
US10sali024 40.4803 68.4011 433.1
US10sarp004 41.1295 69.4783 341.1
US10sarp006 41.1056 69.5014 326.1
US1ALLD0012 34.9776 77.9303 234.1
US1ALMB0018 30.817 77.3643 3
US1ALMB0061 30.6186 77.1621 53.9
US1ALWK0003 33.8201 78.1394 135.9
US1ARBX0010 36.3867 72.9425 254.2
US1ARCN0001 33.4833 72.9669 52.7
US1ARFK0001 35.0781 72.9893 103
US1ARLE0001 34.7841 74.6201 64.3
US1AZCH0008 31.5023 55.2004 1386.5
US1AZCH0017 31.549 55.1624 1391.7
US1AZMR0035 33.5041 53.1001 316.7
US1AZMR0340 33.6122 53.1425 353.6
US1AZYV0029 34.571 52.9983 1634.9
US1CAAM0005 38.5054 44.9407 1241.5
US1CAED0011 38.757 44.8625 1187.2
US1CALA0008 34.0786 46.753 207.9
US1CAMD0001 39.2206 42.1088 759.6
US1CANV0014 39.0322 44.3626 480.4
US1CANV0035 39.2382 44.3937 848
US1CHARM036 34.6389 78.9186 225.6
US1CHARM152 34.7511 78.5603 214.3
US1CHARM187 34.7756 78.6597 218.5
US1COAD0135 39.8975 61.0189 1579.2
US1COAR0071 39.5973 60.972 1787
US1COAR0243 39.5795 60.6828 1809
US1COAU0011 37.0828 58.5033 2396
US1COBO0318 40.0394 60.0788 1931.8
US1CODG0062 39.3475 60.5751 1933
US1CODG0149 39.4506 60.7362 1963.5
US1COEG0006 39.3793 58.5151 2183.6
US1COEL0062 38.9469 61.682 1665.7
US1COEP0282 38.9172 60.6911 2065
US1COFM0002 38.3841 60.278 1648.1
US1COFM0009 38.4298 60.2086 1644.1
US1COGF0004 39.5308 58.1176 1800.1
US1COGF0026 39.4537 57.4531 1841
US1COGN0040 38.6391 58.4992 2420.4
US1COJF0053 39.493 60.0905 2585.9
US1COJF0201 39.5769 60.2765 1845
US1COJF0325 39.8227 60.3179 1650.5
US1COJF0365 39.7197 60.1928 2268.9
US1COJF0372 39.6478 60.3724 1668.5
US1COLA0013 37.212 60.7142 2208
US1COLR0247 40.3302 59.9179 2467.1
US1COLR0509 40.3926 60.2813 1562.1
US1COLR0797 40.6374 60.3583 1537.1
US1COLR0868 40.4666 60.0125 2165
US1COLR0907 40.7488 60.0083 2305.8
US1COLR0934 40.5627 60.3321 1545.3
US1COME0059 39.0368 56.9176 1427.1
US1COME0061 39.0894 57.3358 2450.6
US1COME0091 39.0645 56.9771 1413.7
US1COMZ0035 37.4131 56.6923 2075.1
US1COPT0007 39.2795 58.2154 2029.4
US1COPW0025 37.6944 62.9744 1286
US1CORG0019 37.6907 59.1316 2391.2
US1COSA0055 38.1703 58.7831 2876.7
US1COWE0209 40.0679 60.4107 1549
US1COWE0310 40.0931 60.5111 1533.8
US1COYU0052 40.3454 63.2982 1106.1
US1CTHR0009 41.8029 92.6633 103.6
US1CTWN0004 41.8381 93.6009 112.2
US1GADW0002 34.5286 81.1451 541.9
US1GAFN0003 34.9653 80.9705 642.8
US1GAWL0007 33.7917 81.5681 278.3
US1IACF0006 42.0517 69.9302 406.6
US1IACN0005 41.8001 75.1649 181.7
US1IATY0002 40.8006 70.5298 358.4
US1IAWD0007 42.5108 69.0339 391.4
US1IDAD0002 43.6695 49.1747 799.2
US1IDAD0019 43.5727 49.2753 840
US1IDBV0008 43.4636 53.4036 1435.3
US1IDCW0007 46.4856 49.1968 335.9
US1IDID0006 45.5519 49.1372 503.2
US1IDLT0006 46.929 48.5526 805
US1IDTF0003 42.638 50.657 994.3
US1ILCK0121 42.1139 77.4222 223.1
US1ILCK0190 42.0133 77.3257 251.2
US1ILCL0002 39.3838 77.6657 189.9
US1ILCP0067 40.1261 77.1316 226.8
US1ILDP0074 41.7682 77.3226 228
US1ILDP0085 41.8969 77.4497 220.1
US1ILEF0020 39.0382 76.69 187.1
US1ILGY0001 41.3414 77.1419 160
US1ILKD0024 41.6293 77.1409 206
US1ILKD0034 41.5678 77.1699 201.5
US1ILKK0010 41.2019 77.8151 220.1
US1ILKN0001 41.8941 77.1516 230.1
US1ILKN0009 42.0256 77.1515 237.1
US1ILLE0005 41.8328 75.8172 226.2
US1ILLE0018 41.6454 76.2092 280.7
US1ILLG0004 40.1597 75.9868 170.1
US1ILLG0039 40.1556 76.0607 179.8
US1ILLK0029 42.2814 77.5622 213.1
US1ILLS0002 41.2995 76.3745 196
US1ILLS0004 41.5274 76.7543 175.6
US1ILMCH013 42.3245 77.0454 292
US1ILMCL012 40.5265 76.5054 251.2
US1ILMP0012 39.28 75.5792 189
US1ILMY0008 39.1737 75.7859 210
US1ILSC0001 38.5067 75.6252 128.9
US1ILSG0004 39.8535 75.8646 175.9
US1ILSH0003 39.2827 76.6427 180.4
US1ILWR0002 40.7325 74.7664 223.1
US1INBN0017 40.0907 78.7899 267.9
US1INBW0006 39.1441 79.3922 248.1
US1INCK0024 38.3842 79.6868 143.6
US1INCS0011 40.5698 79.2656 240.2
US1INCW0003 38.324 79.1021 205.7
US1INDV0006 38.6217 78.2571 143
US1INDV0017 38.6205 78.3041 149
US1INEL0036 41.6425 79.3985 226.2
US1INGB0009 38.333 77.9927 139.3
US1INGB0013 38.3679 77.8596 143.9
US1INHS0022 39.8593 79.0239 274.3
US1INHS0031 39.8655 79.0567 271.3
US1INHW0016 40.5185 79.1823 247.2
US1INJN0007 39.0048 79.8291 202.4
US1INJN0012 39.0065 79.778 224.6
US1INLP0015 41.5594 78.8339 224
US1INLW0004 38.7525 79.051 188.1
US1INLW0022 38.9232 78.9061 187.8
US1INMG0011 39.5444 79.0786 209.1
US1INMR0080 39.9077 79.1284 271.9
US1INMT0003 38.6607 78.7215 227.1
US1INOW0009 39.1858 78.6618 235.9
US1INPT0003 41.4674 78.3525 220.1
US1INPT0008 41.4708 78.3967 251.2
US1INPT0125 41.4132 78.4008 225.9
US1INSL0001 39.0956 78.0226 153
US1INSN0005 41.5324 80.5547 277.1
US1INTN0009 40.2969 79.3826 267
US1INWK0006 38.0069 78.0754 132.9
US1INWL0002 40.8006 80.2805 261.2
US1INWR0009 40.3135 78.1687 179.2
US1KSCD0001 39.625 67.548 435.9
US1KSEL0056 38.8337 65.8821 654.1
US1KSEL0060 38.9733 66.1606 634.6
US1KSMR0001 38.8119 68.6639 427
US1KSOS0013 38.7235 69.8025 327.1
US1KSRS0029 38.9656 66.5088 547.1
US1KSSG0069 37.7953 68.0639 407.5
US1KSTH0018 39.3947 64.3891 967.1
US1KYBN0012 39.0201 80.7119 251.2
US1KYFR0011 38.2743 80.507 272.5
US1KYFY0009 38.0249 80.945 307.8
US1KYMO0001 36.7586 79.5408 280.1
US1KYTD0002 36.6534 78.256 164.6
US1MAWR0013 42.497 93.665 179.5
US1MDBL0026 39.461 88.6315 193.9
US1MDCL0009 38.9863 89.6554 6.1
US1MDCV0001 38.7418 88.7593 11.9
US1MDFR0014 39.4852 88.1048 96.3
US1MDGR0004 39.4854 86.1217 761.1
US1MDHR0012 39.6226 88.9698 192.9
US1MDHW0022 39.1957 88.509 114
US1MDMG0042 38.9902 88.4319 75
US1MDMG0061 39.0978 88.415 113.7
US1MDSM0001 38.1208 89.0749 24.1
US1MECM0008 43.7121 95.1511 45.1
US1MEHN0027 44.4139 96.8494 20.1
US1MEKB0016 44.3216 95.6826 50
US1MEWS0018 44.6628 97.8883 14
US1MIBN0003 41.8183 79.0977 231.3
US1MIBY0002 43.6664 81.5339 178.3
US1MIET0003 42.7242 80.8121 267.3
US1MIET0005 42.7569 80.6947 254.2
US1MIIC0006 44.2933 81.7559 230.7
US1MIJC0013 42.107 80.814 328
US1MIJC0014 42.4113 80.9124 286.2
US1MIKN0031 42.8416 79.7565 217.6
US1MIKN0065 43.0789 79.8118 239.3
US1MILV0013 42.4886 81.6267 278.3
US1MIMQ0013 46.5301 78.0347 231
US1MIMR0004 41.8864 82.0102 182.3
US1MIOK0013 42.4725 82.2864 200.3
US1MIOK0071 42.493 82.2749 201.2
US1MIOT0007 45.0093 80.7932 397.8
US1MIOW0020 42.8653 79.5826 198.1
US1MISG0011 43.4557 81.4554 185.6
US1MIVB0004 42.2658 79.5781 216.1
US1MIWS0006 42.2935 81.6701 298.1
US1MIWY0013 42.1781 82.0049 199.6
US1MIWY0038 42.32 82.35 180.1
US1MNAA0028 45.176 72.2174 273.7
US1MNHN0022 44.9287 72.1248 270.4
US1MNMC0003 44.898 71.0677 325.2
US1MNNR0001 47.2602 69.1823 332.5
US1MNOL0005 44.0116 72.9107 352
US1MNRV0008 44.6654 70.5856 327.4
US1MNTD0003 45.9048 70.7894 362.1
US1MOBN0012 38.9864 72.9915 206
US1MOBN0050 38.9539 73.1019 229.8
US1MOFR0007 38.3535 74.391 242
US1MOFSA117 39.7978 71.9403 239
US1MOFSA197 40.5209 72.9131 287.1
US1MOGR0049 37.1233 72.1138 378.6
US1MOGR0051 37.3325 72.1318 385.3
US1MOLD0001 37.7051 72.6498 369.1
US1MOLD0014 37.5033 72.7797 393.2
US1MOPL0021 37.516 71.9698 0
US1MOPT0010 39.2496 70.7367 305.1
US1MOSL0015 38.5258 74.8043 164.9
US1MTCB0008 45.2575 56.2136 1564.2
US1MTCS0007 46.2448 60.1716 767.2
US1MTDW0002 46.9926 60.4152 807.1
US1MTMH0007 46.3879 56.9194 1056.4
US1MTSG0004 45.9723 55.4398 1437.7
US1NCBC0045 35.6162 82.8895 660.2
US1NCBC0064 35.7579 82.8782 658.1
US1NCCR0033 34.7829 88.536 8.5
US1NCDV0002 35.9414 85.0266 254.5
US1NCHW0016 35.5261 82.5327 779.7
US1NCJH0007 35.5724 87.0246 64
US1NCJH0020 35.6169 87.0554 93
US1NCTR0008 35.2466 82.7138 653.5
US1NCWK0009 35.9114 86.8342 122.8
US1NCYN0003 35.8331 83.2425 835.5
US1NDBH0026 46.7742 64.6215 497.7
US1NDDC0004 46.099 66.4666 614.2
US1NDGF0002 47.9107 68.3578 254.2
US1NDMT0005 46.6684 64.1621 634.3
US1NDWL0003 47.5756 66.0234 489.2
US1NHCH0002 42.8988 92.9165 120.7
US1NHHL0038 42.8055 93.8148 149.7
US1NHST0010 43.4227 94.2994 160
US1NJBT0011 40.0672 90.6177 11.9
US1NJBT0032 39.8378 90.6933 32.9
US1NJHN0001 40.7261 90.5967 178.3
US1NJMC0027 40.3735 90.6053 80.8
US1NJMN0006 40.3622 91.3567 13.4
US1NJMS0006 40.9018 90.9211 216.1
US1NJMS0023 40.8821 90.8456 271.9
US1NJMS0042 40.8398 90.8968 225.2
US1NJMS0049 40.778 91.0408 62.5
US1NJMS0061 40.7853 90.5788 224.9
US1NJPS0014 40.9436 91.2877 18
US1NJSM0004 40.6834 90.8669 92.7
US1NJWR0006 40.9412 90.5972 185.9
US1NMBR0013 35.1405 58.7447 1528.9
US1NMBR0037 35.1202 58.8585 1595.9
US1NMBR0106 35.0494 58.924 1686.2
US1NMCH0007 33.4731 60.8628 1125.9
US1NMCR0013 34.4352 62.1276 1333.8
US1NMGR0007 32.758 57.3053 1779.1
US1NMLA0004 35.8838 59.1461 2207.1
US1NMLE0015 32.7396 62.2814 1111
US1NMOT0067 32.9604 59.7706 2453.3
US1NMSF0035 35.714 59.5546 2418.6
US1NMSF0044 35.6248 59.3963 1955.6
US1NMSN0026 35.338 58.8387 1634.9
US1NVCH0001 39.4745 46.6722 1206.1
US1NVWH0104 39.6311 45.7811 1451.8
US1NYAB0010 42.5455 91.2925 488.3
US1NYCQ0012 42.0957 86.2387 463.9
US1NYCR0008 42.4407 89.391 376.7
US1NYCT0021 42.2647 86.639 518.2
US1NYER0025 42.975 86.614 182.6
US1NYER0095 42.9508 86.5681 183.5
US1NYFK0002 44.4952 91.3216 517.6
US1NYGN0006 42.9989 87.3917 274
US1NYMD0016 43.033 89.6052 208.2
US1NYMR0012 43.1223 87.6236 185.3
US1NYMR0018 43.1309 87.9293 97.5
US1NYOD0007 43.2363 90.1542 179.8
US1NYOG0048 43.0586 89.2302 154.5
US1NYPT0004 41.497 91.6031 137.5
US1NYSY0003 42.2923 88.7151 354.8
US1NYSY0006 42.4177 88.4975 434.3
US1NYTG0018 42.034 89.0398 245.1
US1NYTM0027 42.5473 89.0404 422.1
US1OHCN0010 39.4745 81.6039 323.7
US1OHHM0020 39.2953 80.6789 187.5
US1OHMY0005 39.6807 81.0446 251.8
US1OHMY0018 39.8795 81.3122 301.4
US1OHOT0004 41.639 82.6152 179.8
US1OHSM0015 41.0652 83.9843 339.5
US1OHSN0001 41.205 82.602 244.1
US1OHSN0003 41.0589 82.3273 254.2
US1OKCC0003 34.6185 66.9801 352
US1OKCV0083 35.2256 67.9783 354.8
US1OKJH0001 34.2757 68.9443 217.3
US1OKOK0029 35.5211 67.8255 398.1
US1OKPY0010 36.1182 68.7287 274.9
US1OKTL0007 36.023 69.541 214
US1OKTL0023 36.1552 69.3422 272.2
US1OKTL0027 36.029 69.6222 208.2
US1OKWH0005 35.3517 66.2642 581.9
US1ORCC0003 45.2008 42.8025 57.3
US1ORDS0001 44.3358 44.2403 877.2
US1ORDS0005 44.0103 44.1123 1171.3
US1ORGR0004 44.24 46.35 1462.7
US1ORJC0009 42.35 42.5733 405.7
US1ORJC0018 42.6089 42.6211 422.8
US1ORLN0020 44.7475 42.8331 507.8
US1ORMT0002 45.5276 43.152 173.7
US1ORWS0025 45.6973 42.5022 440.4
US1ORWS0037 45.5317 42.3359 52.7
US1PAAD0002 39.9192 88.4506 139
US1PAAD0023 39.8381 88.1767 176.2
US1PABK0026 40.307 90.2418 113.4
US1PABR0002 40.3162 89.4513 97.5
US1PACB0018 40.8119 89.6664 182.9
US1PACD0006 40.2229 88.4258 133.8
US1PADP0017 40.2507 88.8155 137.8
US1PAER0002 42.0609 85.2874 268.8
US1PALZ0015 41.3493 89.6686 170.7
US1PAMT0007 40.2556 90.0256 112.2
US1PAMT0055 40.2384 90.0367 85.6
US1PAWN0044 41.7974 90.2193 459.6
US1PAWS0005 40.2831 85.3543 317.6
US1RIKN0001 41.673 93.823 118
US1SDBK0024 44.4347 68.7863 539.5
US1SDDG0004 43.3744 67.3284 462.7
US1SDFR0001 43.4265 61.9559 1083
US1SDHK0008 44.0779 64.3169 577.9
US1SDHY0001 44.6987 66.0261 506.9
US1SDMH0008 43.5313 68.4898 477
US1SDMH0023 43.5239 68.6479 434
US1SDMH0040 43.5211 68.6888 444.4
US1TNCR0004 35.8825 77.1499 175
US1TNDK0008 36.0805 79.5601 316.1
US1TNFN0001 36.2767 80.5278 513.9
US1TNHP0006 36.008 77.4839 146.9
US1TNMT0067 36.5823 78.0307 162.2
US1TNSR0032 36.6368 79.2275 252.1
US1TNWL0018 35.9893 78.6496 220.1
US1TXCML078 29.6894 67.3096 213.1
US1TXGA0007 33.7608 68.8886 238.7
US1TXLK0047 33.5326 63.4451 1006.1
US1TXMLM002 30.6081 68.4083 146.9
US1TXTN0032 32.8729 68.051 245.1
US1TXTN0070 32.8361 68.2459 184.1
US1UTCH0022 41.7324 53.5948 1376.2
US1UTDV0001 40.9874 53.5114 1292
US1UTDV0007 40.8693 53.588 1559.7
US1UTSL0074 40.7336 53.6068 1399
US1UTUT0022 40.3783 53.6912 1406.7
US1UTWG0007 37.1789 52.4315 1171
US1VACH0001 36.9023 86.8467 140.8
US1VAFX0057 38.9294 88.0792 129.2
US1VAGN0001 38.3093 86.9638 238
US1VARK0002 37.7669 86.0603 291.7
US1VTCH0004 44.5877 92.5175 285.3
US1VTCH0007 44.3249 92.4743 302.1
US1VTCL0001 44.6368 93.2967 415.1
US1VTRT0003 43.65 92.5068 301.8
US1VTWS0005 44.2336 92.7839 259.4
US1WABT0016 46.2084 46.2742 153.3
US1WACK0028 45.5942 43.03 84.7
US1WACM0020 48.0665 42.3568 180.4
US1WADG0020 47.3963 45.16 239.3
US1WAKG0024 47.5604 43.289 240.8
US1WAKG0038 47.6523 43.0305 93
US1WAKG0052 47.5432 43.059 113.1
US1WAKG0136 47.5461 43.1715 85.6
US1WAKG0178 47.5344 43.3705 151.2
US1WAKP0023 47.6013 42.8357 100.9
US1WAKP0030 47.7193 42.6932 17.1
US1WALW0013 46.4926 42.4937 131.1
US1WAMS0011 47.2899 42.3966 69.8
US1WAPR0027 47.1303 43.1033 144.2
US1WASG0028 48.5158 43.315 22.3
US1WASJ0016 48.4819 42.3787 18.9
US1WASN0017 47.8605 43.1285 149.7
US1WAST0004 47.8907 47.5875 487.7
US1WATH0033 47.084 42.4836 50.3
US1WAYK0004 46.3194 45.4031 268.8
US1WIAS0006 46.6046 74.7908 189.6
US1WICB0001 43.3189 76.4132 262.1
US1WICR0001 43.2648 74.6843 338
US1WIDA0013 43.0623 75.9835 285
US1WION0004 45.6314 76.0253 469.4
US1WIPC0001 44.7323 73.034 306.9
US1WIPK0004 45.3244 72.9192 322.5
US1WIWS0001 43.3241 77.1266 310.9
US1WIWS0004 43.5288 77.1743 321
US1WYGS0011 41.8284 61.1869 1314
US1WYLM0022 41.1898 60.7311 1854.1
US1WYNT0014 43.3499 57.9597 1842.5
US1WYSH0022 44.9001 58.3 1146.4
US1WYSH0024 44.9047 58.2713 1147.9
US1WYSW0001 41.587 56.2238 1916.9
US1WYSW0010 41.597 56.2288 1909.9
US1WYSW0011 41.5151 55.969 1877.9
US1WYTT0009 43.6215 54.8147 2030.9
US1WYWH0009 43.9197 57.3809 1260.7
USC00011084 31.0583 78.385 25.9
USC00013781 33.2725 78.6064 146.3
USC00017207 34.2878 79.4719 362.7
USC00018024 33.4164 79.305 136.6
USC00018209 32.9206 78.7692 207.3
USC00018637 31.21 78.2611 62.5
USC00020404 32.7306 53.7483 464.8
USC00020586 34.5975 52.2656 1199.4
USC00020808 33.4783 55.6883 1848.6
USC00023190 33.6028 53.7269 481.6
USC00023393 32.9481 52.7269 224
USC00024586 35.8111 55.2483 1891.3
USC00025635 34.6106 53.6019 969.3
USC00025924 31.4553 54.4719 1054.9
USC00026190 35.0681 55.6711 1755.6
USC00026468 34.7994 55.555 1659.9
USC00027560 32.2714 56.2144 1100.3
USC00027990 31.6811 54.7847 1492
USC00028070 32.5764 50.7989 57
USC00031102 34.9817 73.4336 91.4
USC00031459 35.4544 72.0003 187.1
USC00031750 34.6886 72.99 108.2
USC00032540 33.8228 73.0411 70.1
USC00032842 34.3347 71.8897 177.4
USC00033132 36.2747 73.9344 121.9
USC00035160 35.5756 71.0589 228.6
USC00035358 34.6008 71.6733 243.8
USC00036376 34.3703 74.3158 61
USC00042198 34.3175 47.5981 1629.2
USC00042941 34.705 47.0103 932.7
USC00042964 41.0081 44.005 1005.8
USC00043244 37.5422 43.4242 11.6
USC00043392 34.0869 46.9606 340.5
USC00044211 33.7572 48.7333 1639.8
USC00044303 33.72 47.7169 164.6
USC00044534 36.0067 45.48 73.2
USC00044863 34.8328 46.575 1092.7
USC00045915 37.8792 43.5097 661.4
USC00046685 39.7539 43.8158 533.4
USC00047749 34.1053 47.6381 292
USC00047851 35.3056 44.7781 93.9
USC00047888 33.7442 47.5733 41.1
USC00049742 38.5253 43.4622 41.1
USC00049792 37.4286 43.1839 115.8
USC00051996 40.86 62.6369 1130.5
USC00052494 39.1092 60.8403 2197.6
USC00052947 40.6483 62.5806 1297.2
USC00053951 37.7717 58.3303 2757.8
USC00054054 40.9678 59.4397 2365.2
USC00054242 39.7033 63.1461 1208.5
USC00056306 38.8522 57.8164 1699.6
USC00057510 39.4036 60.4878 1821.2
USC00059278 37.5594 56.7764 2161
USC00067958 41.9983 93.1794 224.3
USC00080369 27.5947 83.9133 46.9
USC00080478 27.8986 83.5967 38.1
USC00084394 30.5228 82.4953 44.8
USC00086078 26.1686 83.7242 1.5
USC00086315 25.95 85.2242 3
USC00086657 26.7897 84.1355 6.1
USC00088051 28.73 84.5606 12.8
USC00091665 34.2042 80.6475 240.5
USC00093695 33.2261 82.845 126.8
USC00095404 33.8533 80.8617 298.7
USC00098657 32.9614 81.21 240.5
USC00099124 32.6094 81.8236 128
USC00099486 33.9664 82.1489 271.3
USC00100375 43.6356 52.1411 1623.1
USC00101018 43.5253 49.3858 865.6
USC00102577 45.5697 49.9872 1749.6
USC00104154 46.6131 49.6411 993.6
USC00104442 43.8383 49.6081 1208.5
USC00108022 43.9517 53.7611 1496.6
USC00108676 44.2206 50.5058 1908
USC00109303 42.5458 51.0939 1207
USC00110082 41.0578 74.8747 207.3
USC00110251 39.7103 76.9514 202.7
USC00112048 42.2611 77.0447 286.5
USC00112745 42.3161 75.2131 205.7
USC00114012 41.2542 76.1022 157
USC00114089 38.7583 75.7844 160
USC00114442 39.7347 75.2422 185.9
USC00114489 39.1025 75.0969 192
USC00114530 41.5033 77.3372 165.5
USC00115326 42.2636 76.8322 248.4
USC00116080 41.1925 74.3822 167
USC00122638 40.2872 79.5947 264
USC00124272 39.7164 79.3722 257.6
USC00127959 39.1614 78.1964 161.5
USC00127999 39.5283 79.6486 228.6
USC00132755 43.1833 70.0569 416.1
USC00132977 43.2844 71.8094 396.2
USC00133120 42.09 72.7644 278
USC00134244 42.3008 71.8011 318.5
USC00135769 40.7053 71.1972 359.7
USC00136305 43.2794 72.6294 356.6
USC00136527 41.3761 72.5197 237.7
USC00136755 42.5864 72.0036 345.9
USC00139067 41.665 73.4422 237.7
USC00140010 38.9267 68.2272 356.6
USC00140308 37.2617 67.6711 381
USC00140441 39.6981 64.4361 908.3
USC00141104 37.5433 65.8017 734.6
USC00141202 38.6453 69.0894 381.9
USC00141404 38.1936 70.3675 289.6
USC00141795 37.3842 67.7969 417.6
USC00142213 39.625 65.0167 831.8
USC00143138 39.6539 69.4592 424
USC00145536 37.1872 69.9892 243.8
USC00146685 38.6533 65.5397 759
USC00147922 37.4414 64.4608 898.9
USC00148061 38.4331 68.8822 381
USC00148535 38.9111 63.8547 993.6
USC00148670 37.2778 68.0303 374.9
USC00150397 37.8194 80.0553 237.7
USC00154449 37.0244 79.7414 310.9
USC00160103 31.2489 72.9911 25.9
USC00160555 30.4292 74.2331 6.1
USC00161235 31.3025 72.71 39.6
USC00165266 31.1417 72.2003 8.5
USC00166394 29.6833 74.2639 1.5
USC00166866 32.8642 74.06 39.3
USC00169804 32.1411 73.7311 22.6
USC00177174 45.8783 96.2625 290.2
USC00191386 41.6569 95.4811 12.2
USC00192997 42.0792 94.0306 76.2
USC00193402 42.3458 93.2858 173.7
USC00193624 42.2269 94.5275 10.7
USC00195984 41.9928 94.2733 29
USC00199193 42.0931 92.6364 131.1
USC00200135 42.9583 79.5442 213.4
USC00201502 42.3264 81.4267 274.3
USC00201940 45.4681 77.7564 234.7
USC00202427 42.4589 82.4961 182.9
USC00202691 42.4669 82.0775 219.5
USC00203421 46.8736 76.3394 241.1
USC00203661 42.6422 80.1525 249.9
USC00205073 45.9511 79.1886 182.9
USC00206442 45.5719 80.6542 217
USC00208443 43.3656 81.8572 192
USC00208800 44.2542 81.2389 269.7
USC00215482 44.5631 69.4431 369.1
USC00215488 44.16 73.6278 204.2
USC00215838 45.01 72.0608 286.5
USC00216276 46.4314 69.8936 298.7
USC00216612 47.2508 71.8539 390.1
USC00217184 43.8053 73.69 234.7
USC00218552 44.385 73.3914 213.4
USC00219046 43.7639 71.2739 338.3
USC00221962 34.8792 76.8222 117.3
USC00222094 31.9461 75.0625 148.4
USC00222385 31.9544 75.5072 101.8
USC00223650 33.8056 75.6686 84.7
USC00224776 33.0583 75.8603 125
USC00225943 31.8375 75.8425 121.9
USC00227815 34.3961 75.6497 92.4
USC00228374 33.4692 76.6578 56.4
USC00228792 33.5378 76.8069 64
USC00229114 33.3253 75.6861 123.1
USC00229639 30.8714 76.3186 48.8
USC00231383 36.6728 71.5822 408.4
USC00231837 38.9783 71.8697 233.2
USC00232302 36.79 73.2208 308.2
USC00233094 36.8061 71.9739 318.8
USC00233999 36.0453 75.2908 78
USC00234365 38.9272 70.9011 303.3
USC00235307 37.3339 72.5303 454.2
USC00235492 40.4575 73.2578 234.7
USC00235987 37.8394 71.0664 249.9
USC00238292 40.4372 70.0533 298.1
USC00238555 38.8728 71.8364 210.6
USC00238740 36.575 71.3861 426.7
USC00238770 39.2103 71.9103 243.8
USC00240088 45.2089 61.1753 1009.5
USC00241008 46.2314 53.3264 1494.7
USC00242857 47.6153 53.4545 1214
USC00243437 46.1925 52.1767 1953.8
USC00243486 46.04 55.947 1354.5
USC00244133 47.6422 54.7719 1097.3
USC00244538 46.6786 55.6864 1411.2
USC00245040 46.9558 52.7853 1394.5
USC00245153 47.9361 54.9378 785.8
USC00245572 48.4828 60.9886 591.9
USC00246157 45.4856 53.8075 1446.3
USC00246893 48.9975 60.865 714.8
USC00246918 45.1769 56.1828 1720.9
USC00247263 46.5333 56.0958 1353.3
USC00247448 47.2142 51.9197 1249.7
USC00248021 47.4775 53.6994 1097.3
USC00248569 47.88 60.0714 696.2
USC00248809 48.5003 51.4553 961.3
USC00251602 41.0939 62.9683 1130.8
USC00252000 41.7608 63.0028 1164.3
USC00252065 40.2333 64.61 790.7
USC00253015 42.6656 61.9783 1161.9
USC00253515 40.0136 63.4992 998.2
USC00254865 41.4983 62.8178 1071.4
USC00255080 41.8292 67.99 481.6
USC00255090 40.8508 63.8972 975.4
USC00255555 41.9178 61.9558 1263.1
USC00255590 41.9481 61.7392 1243.6
USC00255895 42.6531 68.5625 410
USC00256365 40.1314 65.9842 597.4
USC00256552 40.3214 63.7664 1011.9
USC00258328 41.1042 68.1306 470.9
USC00258915 42.2619 68.5764 429.2
USC00260795 40.5903 48.965 1432.6
USC00263964 39.1039 49.2364 2273.8
USC00264095 40.345 49.8194 1767.8
USC00264491 40.5592 49.8344 1770.3
USC00265194 39.02 45.7311 1487.4
USC00268186 38.6944 45.8947 1557.8
USC00274329 44.4169 93.9392 376.4
USC00274399 42.9389 93.1153 155.8
USC00275013 42.8942 93.4558 295.7
USC00286864 39.9661 90.4183 19.8
USC00287587 41.0917 91.1717 93
USC00291440 33.5311 59.8453 1975.1
USC00291469 32.3478 61.2175 951
USC00291918 34.9319 59.8528 2110.4
USC00291931 32.9544 59.7047 2645.4
USC00292848 33.1461 58.2558 1393.2
USC00293511 36.3336 58.9656 1981.2
USC00293706 36.5939 61.8208 1829.4
USC00294799 32.3 58.6733 -999.9
USC00299128 33.1353 58.2083 1309.4
USC00299569 32.3778 61.6414 1039.7
USC00300317 42.8108 87.0422 416.1
USC00301168 42.1944 89.1272 280.4
USC00301966 44.7192 91.7194 408.4
USC00303464 41.1019 93.0669 4.9
USC00304025 42.25 91.64 18.3
USC00304772 42.0636 88.2933 317
USC00304836 42.6703 88.9678 365.8
USC00306164 44.7281 89.9958 85.3
USC00306184 43.7025 90.4561 532.8
USC00307035 41.8847 91.5714 91.7
USC00310530 35.7667 83.0067 686.1
USC00312560 34.3992 87.1242 15.5
USC00312993 35.9808 86.7872 85.3
USC00315771 34.9797 84.9167 167.6
USC00318221 35.9325 83.4381 868.7
USC00318292 35.81 84.5592 289.6
USC00319357 34.4094 86.6486 27.4
USC00320767 47.2947 63.6214 630.9
USC00322148 48.1167 66.54 438.9
USC00322188 46.8911 62.6289 749.8
USC00323004 46.4581 64.24 603.5
USC00323196 48.9081 61.6344 716.3
USC00323705 47.4011 62.2328 813.8
USC00328737 48.3989 62.5219 684.3
USC00329035 46.3639 67.3642 417.6
USC00331541 41.0517 83.5039 359.7
USC00332098 41.2783 81.0553 213.4
USC00333292 41.4167 81.5733 190.8
USC00334672 39.5328 83.0461 218.2
USC00336118 41.2667 82.8233 204.2
USC00336600 39.8386 83.5233 310.9
USC00336650 40.1311 81.2058 243.8
USC00340215 36.2483 67.2517 364.2
USC00340338 36.0719 65.5369 719
USC00340567 34.385 70.5419 250.5
USC00341168 34.1333 70.74 135
USC00344055 36.0942 67.605 357.8
USC00344235 35.0567 69.0539 260.6
USC00344860 35.8542 67.4856 322.8
USC00345509 34.8911 65.9383 486.2
USC00346751 36.3486 66.9592 383.7
USC00347003 35.9742 68.4131 271.9
USC00348479 35.3197 68.2283 368.5
USC00349422 35.52 66.7414 493.2
USC00350197 44.8197 44.6867 923.5
USC00350471 43.1497 41.0381 6.1
USC00350897 45.6361 43.4881 18.9
USC00351433 44.3914 42.9589 292.6
USC00351448 42.1597 41.7978 419.7
USC00351574 42.7036 43.4447 1274.1
USC00352867 44.0494 42.0697 147.8
USC00353705 45.3128 42.09 230.4
USC00355160 43.9794 48.4153 688.8
USC00355638 44.5681 45.3244 1011.9
USC00356035 44.6833 41.3847 67.1
USC00356550 45.6911 46.5878 460.2
USC00357809 44.8728 42.7914 411.5
USC00358173 42.9592 44.6503 1277.7
USC00361080 40.5003 90.2356 140.2
USC00361362 41.93 86.1431 454.2
USC00361920 40.2258 88.2506 131.1
USC00362190 40.1636 85.5706 232.3
USC00363488 40.3422 89.9617 93
USC00363758 41.4764 90.2747 271.3
USC00364047 40.0881 89.5319 202.7
USC00365390 39.8253 90.0117 3
USC00366238 40.075 89.3683 184.4
USC00367863 40.6831 85.7717 238.7
USC00369367 39.8986 85.2744 286.5
USC00369408 41.7003 88.0528 554.1
USC00380506 33.9 83.9011 201.2
USC00381093 33.5214 86.3425 6.1
USC00381726 33.6631 83.2503 115.8
USC00382735 32.6064 85.1133 3.7
USC00385278 34.7975 82.1722 502.9
USC00386153 33.7544 86.6181 11.9
USC00391636 43.9283 68.5083 543.8
USC00393560 45.36 61.6283 1036.3
USC00395567 44.2919 66.4356 573.9
USC00400669 36.4583 79.1161 170.7
USC00401352 36.0519 77.3572 128.9
USC00401790 36.5472 78.1047 122.5
USC00402600 36.2836 76.7336 137.2
USC00404568 35.7103 76.6178 131.1
USC00404987 36.5192 79.41 297.2
USC00407141 36.5514 80.6433 495.3
USC00410493 31.7414 65.4636 534.9
USC00410781 32.3739 64.0222 791.3
USC00410784 32.2683 63.9542 764.7
USC00411715 29.2703 62.1397 1615.4
USC00411810 30.3636 70.3561 59.7
USC00412758 26.2981 67.2825 29.3
USC00413195 34.2319 64.4839 720.9
USC00413257 30.8275 65.3297 704.1
USC00413525 30.1872 68.5806 167.6
USC00414058 27.3194 66.7625 176.8
USC00414363 30.3606 65.1344 670.6
USC00414575 29.7664 68.1236 126.5
USC00414805 29.6833 67.6731 155.4
USC00415018 31.0717 67.2553 314.6
USC00415272 30.7425 66.7858 310.9
USC00415954 32.635 69.9578 111.9
USC00417111 28.9606 66.9628 130.8
USC00417262 29.5711 61.0686 795.5
USC00417994 31.2842 66.6811 405.4
USC00418373 33.4367 63.7928 939.4
USC00418449 30.5831 64.7897 651.7
USC00418566 33.4792 64.5639 700.1
USC00418583 32.9403 65.6364 499.9
USC00418924 29.3486 61.845 802.5
USC00419191 34.3956 64.5428 710.2
USC00419330 35.2775 62.9767 1218.6
USC00419501 31.8136 64.8114 748.3
USC00420820 40.8547 53.5497 1383.8
USC00426640 37.1047 53.54 1341.1
USC00427165 41.6628 54.2539 1911.1
USC00427271 41.9064 53.63 1426.5
USC00427395 40.2878 55.4814 1528.3
USC00427516 37.1189 51.8333 870.8
USC00431705 43.3442 92.3878 404.2
USC00437607 44.6264 92.1369 33.5
USC00440243 37.3261 86.6125 259.1
USC00441159 37.7267 86.0772 256
USC00441614 36.8225 86.0297 198.4
USC00441692 37.1278 85.0367 640.1
USC00441955 37.2819 86.4808 248.4
USC00443310 37.9458 85.4858 539.5
USC00446173 37.1244 82.8061 510.5
USC00448046 39.0858 86.9958 289.6
USC00448941 38.0803 86.565 387.1
USC00449215 36.9986 82.9011 776.9
USC00451160 45.8678 43.4667 345.6
USC00452157 48.7142 44.2969 271.6
USC00452253 46.6364 42.1803 92
USC00453515 47.4828 47.1881 658.1
USC00453730 48.1989 44.6664 980.8
USC00456914 46.6533 41.71 9.1
USC00457059 47.1175 47.0686 568.1
USC00458278 47.2472 43.0278 7.6
USC00458715 48.6525 43.7469 210.3
USC00462717 38.9272 85.6089 627.6
USC00463544 38.9339 84.6075 216.4
USC00466591 37.9714 84.2892 621.8
USC00469610 37.6731 83.1639 231.6
USC00470273 43.0411 76.0114 263.7
USC00470892 42.8122 75.5778 253.9
USC00471308 44.9356 73.5514 251.5
USC00473022 43.3144 74.5914 210
USC00474027 45.0831 74.1089 323.4
USC00474391 45.465 74.3164 344.4
USC00474582 45.5119 76.6806 516.6
USC00476827 43.0514 74.305 200.6
USC00477230 44.9708 72.878 298.7
USC00477581 43.375 77.4997 230.1
USC00478987 44.0411 76.1967 264.9
USC00479012 45.7883 73.2075 306.3
USC00480552 42.6233 59.0833 1841.6
USC00481676 41.1522 60.6344 1871.5
USC00483950 42.8267 59.6522 1508.2
USC00485374 43.1828 60.8364 1281.4
USC00485416 41.2975 59.8158 2182.1
USC00487115 43.2458 56.7458 1658.1
USC00488852 44.0647 58.0581 1467.6
USC00501824 61.5222 20.9992 196
USC00502711 63.4258 15.1283 1146.4
USC00503165 66.5664 20.1745 133.5
USC00504117 58.2944 30.7647 13.7
USC00508047 64.8694 10.3222 78.9
USC00508615 60.4194 14.3064 54.9
USC00508731 60.4906 14.5211 89
USC00509148 55.6917 32.9153 87.2
USC00509919 56.4733 33.0525 17.1
USC00511004 20.7603 9.19309999999999 2122
USC00511303 19.4297 10.1839 1210.4
USR0000ABCA 58.4067 12.5536 22.9
USR0000ABEV 66.2667 18.9233 147.2
USR0000ADRY 36.45 53.2 2653.6
USR0000ALBE 36.2858 53.3606 2682.2
USR0000ASLC 64.59 19.3 304.8
USR0000ASWA 60.7278 14.5678 85.3
USR0000ATAL 33.4411 79.3589 182.9
USR0000ATUS 35.99 53.32 2042.2
USR0000CBAR 38.0281 42.7378 378
USR0000CBEV 34.125 47.0278 384
USR0000CBPI 34.3194 48.4269 2091.2
USR0000CCON 34.1942 48.5269 1712.4
USR0000CCOU 39.0189 43.0281 635.5
USR0000CCRA 37.7617 45.6153 2025.1
USR0000CDES 32.8569 48.8178 1060.7
USR0000CEAG 39.9278 42.7831 1131.7
USR0000CGOO 33.0736 48.5942 466.3
USR0000CGOR 40.7586 44.5439 1889.8
USR0000CHOO 41.0478 41.7686 114.3
USR0000CJOH 35.9717 46.895 1432.6
USR0000CKON 38.9119 42.7336 659.3
USR0000CLAP 35.3811 45.2525 496.8
USR0000CLAS 40.3442 43.7264 1267.7
USR0000CLAU 40.1417 45.0867 1767.8
USR0000CLGE 38.9772 60.0847 2281.4
USR0000CLUJ 38.2544 58.8722 3399.7
USR0000CLYT 34.2339 47.9597 851
USR0000CMCG 39.3528 41.8389 180.7
USR0000CNFO 37.2331 45.9353 829.1
USR0000CNOV 40.6314 61.6033 1461.2
USR0000CNUC 38.2297 56.8817 1786.1
USR0000CPCY 37.9056 61.3844 1633.7
USR0000CRAV 40.7308 45.1236 1614.8
USR0000CSRS 38.4786 42.7281 175.6
USR0000CWAT 39.4822 60.2308 2659.4
USR0000FNAV 30.3664 78.3025 4.6
USR0000GBYR 32.2033 81.5081 152.4
USR0000GCHS 34.77 80.8567 609.6
USR0000HPTW 19.7717 9.73779999999999 1307.6
USR0000HPUW 19.795 9.59469999999999 709
USR0000ILUC 43.5875 49.4475 966.2
USR0000IRAF 42.5478 52.1806 1341.1
USR0000ISTN 44.1692 50.5142 2002.5
USR0000LGUM 31.9 72.6728 91.4
USR0000LOST 38.7708 53.5775 2283
USR0000MBEN 47.5 52.54 1630.7
USR0000MBIE 32.355 75.9708 147.8
USR0000MCLI 38.3483 71.6653 228.6
USR0000MCOP 31.9497 75.0594 45.7
USR0000MCSA 45.3028 72.3389 274.3
USR0000MLIH 45.5697 58.0042 1036.3
USR0000MORR 48.0189 72.5828 403.9
USR0000MSTE 46.5131 51.3489 1025.7
USR0000MSTI 46.8536 52.0461 1649
USR0000MTPT 45.9347 51.7017 2020.5
USR0000NAGA 42.425 61.7042 1325.3
USR0000NKAN 37.2506 50.7325 1399
USR0000OBKL 42.7 41.4067 1106.4
USR0000OBRU 44.2844 42.5906 701
USR0000OLMC 42.7081 46.93 1548.4
USR0000PERI 41.6281 85.4833 548.6
USR0000SBAK 43.9792 62.015 1424.6
USR0000SCAR 34.6619 85.1658 120.1
USR0000TBLE 35.6819 80.1667 542.5
USR0000THEN 32.15 70.64 152.4
USR0000THUN 30.45 70.04 108.2
USR0000VASH 37.9864 85.6806 786.4
USR0000WBEC 44.15 54.3933 1950.7
USR0000WBRF 44.3003 74.605 255.4
USR0000WDOU 47.62 45.5417 771.1
USR0000WEAG 44.4856 55.5436 2286
USR0000WHAG 46.5667 43.8094 1097.3
USS0003E05S 44.21 61.65 1868.4
USS0005N04S 36.13 59.91 2621.3
USS0005P04S 35.7 59.63 2502.4
USS0005P08S 35.78 59.9 3389.4
USS0006K04S 39.08 58.83 3230.9
USS0006M21S 37.47 58.9 3541.8
USS0007E06S 44.16 58.31 2889.5
USS0007K13S 40 58.2 2956.6
USS0007M37S 37.88 58.08 3383.3
USS0008M06S 37.79 57.42 3048
USS0008M10S 37.44 57.42 3287.3
USS0008S01S 33.74 56.49 2438.4
USS0008T01S 32.92 57.29 2548.1
USS0009E13S 44.38 55.65 2980.9
USS0009F25S 43.28 55.99 2935.2
USS0009J05S 40.61 55.55 2898.6
USS0009S02S 33.92 55.98 2804.2
USS0010D07S 45.01 55.43 2240.3
USS0010D35S 45.89 54.5 2231.1
USS0010E06S 44.48 55.28 2566.4
USS0010J30S 40.58 54.85 3230.9
USS0010J52S 40.68 54.49 3045.6
USS0011D08S 45.02 53.59 2621.3
USS0011J23S 40.3 54.18 2449.7
USS0011J52S 40.76 53.81 2286
USS0011K10S 39.3 53.99 2980.9
USS0012C13S 46.44 53.25 1975.1
USS0012G18S 42.26 53.31 2054.4
USS0012J02S 40.46 53.19 1959.9
USS0013D19S 45.17 51.86 2621.3
USS0013E06S 44.41 52.04 2267.7
USS0013E16S 44.85 51.6 2603
USS0013M05S 37.53 52.39 2806
USS0014C12S 46.14 50.93 1950.7
USS0014G01S 42.16 51.25 2286
USS0015H20S 41.89 49.58 2133.6
USS0016A04S 48.06 49.21 1585
USS0016E11S 44.95 49.3 1630.7
USS0017B06S 47.86 48.4 1283.2
USS0018D19S 45.7 47.33 1499.6
USS0019F01S 43.95 45.9 1898.9
USS0020H06S 41.58 45.14 2142.7
USS0020K05S 39.43 45.13 2545.7
USS0021A09S 48.76 43.74 1072.9
USS0021A35S 48.98 44.36 515.1
USS0021A36S 48.82 43.51 1514.9
USS0021B01S 47.75 44.35 1204
USS0021B21S 47.36 43.87 890
USS0021B62S 47.07 43.85 685.8
USS0021C13S 46.09 43.68 1307.6
USS0021C35S 46.78 43.69 1563.6
USS0021C39S 46.36 44.36 1560.6
USS0021F21S 43.8 43.49 1688.6
USS0021G17S 42.79 43.46 1645.9
USS0022G13S 42.41 43.17 1609.3
USS0023B16S 47.87 42.36 1222.2
USS0023D01S 45.54 42.07 947.9
USS0045L01S 60.55 19.69 428.2
USS0064P01S 64.56 1.15000000000001 7.6
USW00003013 38.07 62.7519 1129
USW00003029 35.6575 56.3786 2054
USW00003077 34.8222 55.5472 1710.8
USW00003079 38.0989 59.2692 2384.5
USW00003102 34.0561 47.8397 289.3
USW00003154 33.3 48.09 22.9
USW00003160 36.6206 49.4122 984.5
USW00003192 33.6228 53.5294 449
USW00003733 39.0131 85.9658 1033.3
USW00003804 39.345 84.0008 253.3
USW00003855 30.35 78.1233 8.5
USW00003887 39.8344 76.5744 205.7
USW00003932 35.21 66.32 585.8
USW00003935 37.2253 75.8694 102.4
USW00003952 34.8364 73.1781 173.1
USW00003962 34.29 72.38 163.1
USW00003967 38.85 70.7008 326.1
USW00004725 42.1997 89.455 489.5
USW00004836 47.2856 97.1267 301.1
USW00004838 42.1208 77.5353 193.9
USW00004843 41.6264 85.225 426.7
USW00012836 24.555 83.6878 1.2
USW00012849 26.0719 85.2864 3.4
USW00012919 25.9156 68.0214 7
USW00012921 29.5442 66.9561 240.5
USW00012935 28.7247 69.1864 3.7
USW00013837 33.4669 83.4014 128.9
USW00013960 32.8519 68.5844 134.1
USW00014702 42.47 94.1506 40.5
USW00014765 41.7219 94.0075 18.3
USW00014827 40.9706 80.2336 241.1
USW00014860 42.08 85.2575 222.5
USW00014941 41.9856 68.0047 472.7
USW00014990 41.8833 73.7233 264.6
USW00023159 37.7064 53.2944 2312.2
USW00024012 46.7994 62.6428 786.4
USW00024015 40.1667 62.2233 1421.3
USW00024017 42.8375 62.3447 1011.3
USW00024138 45.2575 52.8855 1585
USW00053004 37.6011 55.4514 1959.3
USW00053012 37.2667 55.8325 1338.1
USW00053138 39.0117 51.2311 2016.9
USW00053152 34.4142 45.5603 5.5
USW00053160 34.6136 53.5969 1046.7
USW00053172 34.2528 51.3061 126.8
USW00053905 32.5428 71.695 54.6
USW00053907 32.6636 68.3461 192
USW00053911 32.71 69.1728 144.8
USW00054733 42.5842 94.5225 32.9
USW00054767 41.7419 93.2564 75.3
USW00054792 41.0467 87.0283 462.1
USW00054808 40.0528 77.0672 213.4
USW00054903 44.0603 75.2664 284.4
USW00063850 33.7836 82.0503 225.9
USW00063857 34.285 79.4778 351.1
USW00073801 33.2125 77.8486 45.7
USW00093009 39.2292 59.1231 3027.3
USW00093104 35.6875 47.7469 679.7
USW00093209 35.6697 44.8117 246.9
USW00093225 38.6956 43.8503 7
USW00093227 38.2103 43.1553 4.3
USW00093740 34.9914 86.5597 56.7
USW00093765 34.7336 88.7794 3.4
USW00094008 48.2138 58.8187 696.5
USW00094012 48.5428 55.6767 787.9
USW00094040 40.2064 64.8486 771.1
USW00094084 48.9675 63.2697 561.4
USW00094128 41.7872 53.5867 1357.6
USW00094178 42.4819 50.9531 1265.2
USW00094224 46.1569 41.5575 2.7
